,item_nbr
0,96995
1,99197
2,103501
3,103520
4,103665
5,105574
6,105575
7,105576
8,105577
9,105693
10,105737
11,105857
12,106716
13,108079
14,108634
15,108696
16,108698
17,108701
18,108786
19,108797
20,108831
21,108833
22,108862
23,108952
24,111223
25,111397
26,112830
27,114778
28,114790
29,114799
30,114800
31,115267
32,115611
33,115693
34,115720
35,115847
36,115850
37,115891
38,115892
39,115893
40,115894
41,116017
42,116018
43,116279
44,116311
45,119023
46,119024
47,119026
48,119141
49,119187
50,119191
51,119193
52,119624
53,121964
54,122095
55,122418
56,122419
57,122425
58,123347
59,123601
60,123602
61,123927
62,125430
63,127534
64,127547
65,129296
66,129297
67,129635
68,129758
69,129759
70,153078
71,153239
72,153267
73,153395
74,153398
75,155499
76,155500
77,155600
78,155601
79,155607
80,155610
81,155621
82,155625
83,157956
84,158680
85,158788
86,158789
87,158842
88,158875
89,158956
90,159156
91,159242
92,161288
93,162066
94,164036
95,164037
96,164088
97,164647
98,165550
99,165551
100,165553
101,165594
102,165693
103,165704
104,165705
105,165718
106,165727
107,165988
108,167437
109,168927
110,168930
111,168931
112,168989
113,169028
114,169101
115,169104
116,170791
117,171890
118,172184
119,172343
120,172995
121,173111
122,173113
123,174081
124,176411
125,177050
126,177395
127,179274
128,179564
129,179579
130,179600
131,179615
132,205209
133,205381
134,205387
135,205486
136,205557
137,207857
138,208384
139,208386
140,208426
141,208498
142,208514
143,208530
144,208539
145,208659
146,208699
147,209085
148,210520
149,210798
150,211203
151,211205
152,211206
153,211999
154,212550
155,212552
156,213066
157,213652
158,213653
159,213788
160,214381
161,214859
162,214860
163,214862
164,215303
165,215304
166,215327
167,215331
168,215332
169,215352
170,215356
171,215370
172,215468
173,215896
174,217827
175,218726
176,218728
177,219147
178,219150
179,219152
180,220432
181,220435
182,220613
183,221506
184,222879
185,222975
186,223068
187,223136
188,223434
189,223463
190,224081
191,226126
192,226857
193,227111
194,227728
195,229368
196,246052
197,250782
198,252698
199,252970
200,252972
201,253103
202,253145
203,255161
204,255198
205,255199
206,255202
207,257847
208,257848
209,258268
210,258376
211,258395
212,258396
213,258411
214,258537
215,260628
216,260669
217,260893
218,261052
219,261053
220,261700
221,262358
222,262991
223,263583
224,264299
225,264300
226,264305
227,264452
228,264576
229,264751
230,264752
231,264753
232,265086
233,265237
234,265254
235,265257
236,265258
237,265266
238,265279
239,265382
240,265559
241,265672
242,265700
243,268440
244,268443
245,268446
246,268623
247,268662
248,268664
249,268676
250,268834
251,269029
252,269036
253,269084
254,269286
255,269287
256,270522
257,271478
258,271479
259,273528
260,273859
261,275823
262,275826
263,276560
264,278806
265,279125
266,279137
267,279157
268,279494
269,302824
270,302952
271,302995
272,302997
273,302998
274,305074
275,305079
276,305080
277,305081
278,305227
279,305229
280,305234
281,305237
282,305341
283,305344
284,305345
285,307740
286,308085
287,308726
288,308766
289,308916
290,308924
291,310644
292,310647
293,310671
294,310790
295,311954
296,311994
297,312113
298,312317
299,312324
300,312596
301,313641
302,314384
303,314393
304,314570
305,314879
306,314880
307,314881
308,315176
309,315178
310,315179
311,315180
312,315220
313,315221
314,315277
315,315279
316,315320
317,315322
318,315460
319,315463
320,315473
321,315474
322,315712
323,315713
324,315753
325,317147
326,317285
327,318787
328,318847
329,318932
330,318935
331,319093
332,319094
333,319095
334,319272
335,320681
336,320682
337,321798
338,322094
339,322095
340,323013
341,323217
342,323227
343,323921
344,324206
345,326951
346,329070
347,329071
348,329361
349,329362
350,329364
351,329365
352,329397
353,346065
354,346066
355,346406
356,352513
357,354918
358,354919
359,354922
360,354964
361,354971
362,355090
363,355091
364,357961
365,357962
366,357963
367,357996
368,358096
369,358100
370,358134
371,358231
372,358232
373,358264
374,358272
375,358515
376,358519
377,358561
378,358564
379,359913
380,360313
381,360314
382,360703
383,360704
384,360705
385,361502
386,362035
387,362548
388,363049
389,363868
390,363889
391,363895
392,364413
393,364606
394,364724
395,364738
396,364829
397,364832
398,364834
399,364865
400,365138
401,365139
402,365140
403,365264
404,368136
405,368139
406,368140
407,368213
408,368260
409,368270
410,368419
411,368424
412,368624
413,368628
414,369432
415,370042
416,371130
417,371218
418,371434
419,371437
420,371438
421,372369
422,372480
423,372924
424,372937
425,373152
426,374464
427,376194
428,376427
429,376483
430,377978
431,378330
432,378332
433,378685
434,401817
435,401911
436,402136
437,402174
438,402175
439,402299
440,404332
441,404333
442,404334
443,404336
444,404439
445,404442
446,404454
447,405304
448,406965
449,407499
450,407500
451,407533
452,407542
453,407552
454,407608
455,407769
456,409738
457,409739
458,409904
459,410150
460,410257
461,410866
462,411487
463,411555
464,411557
465,413557
466,413986
467,413987
468,414305
469,414353
470,414354
471,414421
472,414425
473,414426
474,414454
475,414455
476,414478
477,414620
478,414621
479,414623
480,414750
481,414752
482,414888
483,416252
484,417763
485,417765
486,417835
487,418024
488,418025
489,418026
490,418235
491,418238
492,419729
493,420720
494,421066
495,422452
496,426155
497,428054
498,428394
499,428488
500,437609
501,452022
502,452078
503,452079
504,452212
505,454326
506,454413
507,454414
508,454416
509,454426
510,454589
511,454593
512,454596
513,456870
514,456875
515,457424
516,457425
517,457471
518,457556
519,457574
520,457688
521,457727
522,457928
523,458029
524,459762
525,459801
526,459804
527,460804
528,461432
529,461752
530,462673
531,463458
532,463598
533,463816
534,463901
535,463903
536,464112
537,464263
538,464302
539,464333
540,464334
541,464336
542,464339
543,464356
544,464374
545,464385
546,464536
547,464906
548,464907
549,464940
550,467808
551,467887
552,468057
553,468058
554,468265
555,469643
556,470624
557,470625
558,470760
559,470762
560,471980
561,471985
562,472314
563,472526
564,472645
565,472658
566,476261
567,476707
568,479200
569,502067
570,502182
571,502224
572,502227
573,502230
574,502331
575,504457
576,506717
577,507354
578,507457
579,507478
580,507479
581,507641
582,507867
583,507870
584,507927
585,507958
586,507969
587,508069
588,508947
589,509872
590,509877
591,510052
592,510054
593,510055
594,510057
595,511172
596,511394
597,511397
598,513379
599,513853
600,513855
601,514144
602,514149
603,514172
604,514242
605,514327
606,514444
607,514445
608,514446
609,514597
610,514729
611,514730
612,514757
613,517615
614,517903
615,517904
616,517905
617,517906
618,517909
619,518091
620,518094
621,519560
622,519718
623,521818
624,522383
625,522721
626,522941
627,523054
628,525887
629,525902
630,527757
631,546043
632,551893
633,552050
634,554047
635,554048
636,554049
637,554143
638,554144
639,554145
640,554152
641,556698
642,557241
643,557256
644,557257
645,557285
646,557286
647,557289
648,557305
649,557408
650,557420
651,557810
652,558730
653,559044
654,559493
655,559494
656,559680
657,559682
658,559870
659,559872
660,559873
661,562568
662,563654
663,563966
664,564110
665,564272
666,564274
667,564287
668,564288
669,564533
670,564534
671,567517
672,567579
673,567588
674,567623
675,567644
676,567750
677,567778
678,567779
679,567781
680,567787
681,568133
682,570869
683,570870
684,570917
685,570922
686,572838
687,573832
688,574898
689,575630
690,575675
691,575863
692,575875
693,575876
694,577740
695,577741
696,577743
697,577745
698,578097
699,578467
700,579759
701,580929
702,581078
703,581742
704,582863
705,582864
706,582865
707,583795
708,583797
709,583799
710,583868
711,583925
712,583927
713,583931
714,583968
715,583973
716,583975
717,583977
718,583978
719,583985
720,584026
721,584027
722,584028
723,584030
724,584032
725,584076
726,584077
727,584078
728,584099
729,584101
730,584103
731,584123
732,584125
733,584126
734,584129
735,584188
736,584246
737,586423
738,586823
739,586824
740,586911
741,586967
742,586969
743,587069
744,587104
745,587156
746,587157
747,587186
748,589403
749,592801
750,592942
751,594045
752,598414
753,598492
754,603255
755,608035
756,617092
757,617096
758,617103
759,617113
760,617548
761,617763
762,619965
763,619969
764,621300
765,622958
766,623316
767,623317
768,623330
769,627263
770,627885
771,627887
772,633735
773,633977
774,633996
775,633997
776,634008
777,634009
778,634010
779,634014
780,634015
781,634054
782,636846
783,637016
784,638240
785,638296
786,638308
787,638327
788,638977
789,638978
790,639586
791,640286
792,641042
793,641627
794,645294
795,648313
796,651326
797,651523
798,651525
799,655427
800,655744
801,655749
802,655840
803,657869
804,658608
805,658609
806,660310
807,660311
808,660312
809,660318
810,660319
811,660320
812,660321
813,660323
814,660502
815,660503
816,661582
817,663084
818,664537
819,664539
820,664543
821,664545
822,668752
823,668753
824,668754
825,671039
826,671051
827,671055
828,671062
829,671066
830,671067
831,671068
832,671076
833,671079
834,671083
835,671084
836,671684
837,671699
838,671706
839,671708
840,671908
841,673306
842,673415
843,673496
844,675524
845,679442
846,679602
847,679603
848,679604
849,679926
850,681606
851,682321
852,682884
853,683720
854,683721
855,683722
856,683723
857,686034
858,686035
859,686036
860,687549
861,688279
862,691945
863,692104
864,692105
865,692106
866,692531
867,692537
868,695758
869,696183
870,698642
871,698643
872,699686
873,699687
874,699688
875,699689
876,699692
877,699693
878,699703
879,699745
880,700607
881,700609
882,700610
883,716241
884,716242
885,716245
886,716250
887,716958
888,723184
889,723210
890,724003
891,724359
892,724360
893,724403
894,724498
895,729337
896,730258
897,730259
898,732006
899,732007
900,736128
901,738219
902,740713
903,740714
904,740722
905,740723
906,740726
907,740728
908,740729
909,741201
910,741922
911,742735
912,742738
913,743494
914,743496
915,743497
916,749421
917,749720
918,749729
919,750855
920,750856
921,750857
922,751759
923,752167
924,752987
925,754103
926,757880
927,757888
928,757889
929,758861
930,759651
931,759657
932,759694
933,759697
934,759698
935,759890
936,759893
937,759894
938,760319
939,762405
940,764438
941,764439
942,765092
943,765517
944,765518
945,765519
946,765520
947,767183
948,767184
949,769312
950,769314
951,770447
952,770449
953,770453
954,770456
955,770461
956,770463
957,770511
958,771156
959,771157
960,776057
961,776622
962,779122
963,781794
964,781796
965,781797
966,781798
967,781936
968,783243
969,787426
970,788172
971,788708
972,789223
973,789224
974,789904
975,789905
976,789906
977,789907
978,793341
979,793345
980,793346
981,794245
982,795610
983,795611
984,795612
985,796394
986,796395
987,796396
988,799461
989,800958
990,801217
991,801934
992,802831
993,802832
994,802833
995,803101
996,804098
997,804503
998,804932
999,804974
1000,805310
1001,805311
1002,805321
1003,805788
1004,807493
1005,807495
1006,809183
1007,809184
1008,809882
1009,812716
1010,812725
1011,812726
1012,812728
1013,812735
1014,812751
1015,812757
1016,812769
1017,813167
1018,813760
1019,813769
1020,813770
1021,816606
1022,816679
1023,818588
1024,818590
1025,819194
1026,819195
1027,819206
1028,819209
1029,819227
1030,819228
1031,819230
1032,819231
1033,819932
1034,819933
1035,819934
1036,820003
1037,820006
1038,820500
1039,820645
1040,821186
1041,823245
1042,827911
1043,828204
1044,828630
1045,828632
1046,829389
1047,829414
1048,829658
1049,830624
1050,830625
1051,830749
1052,830797
1053,830806
1054,830829
1055,833395
1056,833396
1057,833644
1058,838215
1059,838216
1060,838217
1061,838400
1062,838406
1063,838407
1064,838408
1065,838409
1066,838412
1067,838413
1068,838415
1069,838832
1070,838842
1071,838844
1072,838875
1073,839362
1074,839363
1075,839364
1076,839367
1077,839544
1078,839545
1079,841197
1080,841514
1081,841570
1082,841583
1083,841607
1084,841612
1085,841614
1086,841667
1087,841841
1088,841842
1089,843411
1090,843459
1091,843462
1092,843585
1093,843589
1094,843607
1095,843608
1096,843609
1097,843610
1098,844017
1099,844019
1100,844793
1101,844795
1102,846163
1103,846565
1104,847569
1105,847575
1106,847859
1107,847863
1108,847894
1109,848765
1110,848953
1111,849080
1112,849095
1113,849098
1114,849135
1115,849136
1116,849139
1117,849142
1118,849312
1119,849941
1120,850333
1121,850334
1122,850388
1123,850389
1124,850460
1125,850542
1126,850545
1127,851982
1128,852110
1129,852620
1130,852934
1131,852937
1132,852938
1133,853195
1134,853196
1135,856687
1136,856688
1137,857324
1138,857327
1139,857331
1140,857332
1141,858872
1142,859529
1143,859932
1144,859966
1145,860548
1146,860549
1147,862213
1148,862454
1149,864288
1150,864290
1151,864508
1152,864510
1153,864511
1154,865147
1155,865155
1156,866927
1157,867850
1158,868529
1159,869837
1160,870544
1161,870545
1162,870546
1163,870938
1164,871118
1165,871421
1166,871511
1167,871512
1168,871513
1169,871514
1170,871600
1171,872306
1172,872307
1173,872308
1174,872309
1175,872310
1176,872317
1177,873687
1178,874593
1179,874598
1180,874990
1181,875604
1182,876223
1183,876224
1184,876225
1185,876226
1186,876663
1187,877513
1188,877514
1189,878715
1190,881701
1191,881910
1192,881911
1193,881912
1194,882624
1195,883336
1196,884878
1197,885543
1198,885553
1199,886067
1200,886396
1201,886398
1202,888063
1203,888630
1204,888682
1205,888689
1206,888761
1207,888763
1208,890213
1209,890214
1210,890215
1211,890371
1212,890372
1213,890374
1214,890375
1215,890825
1216,892076
1217,895291
1218,897348
1219,898656
1220,900196
1221,902198
1222,902200
1223,902202
1224,902839
1225,903283
1226,903284
1227,903285
1228,903286
1229,903955
1230,906979
1231,906980
1232,907671
1233,907684
1234,907686
1235,908741
1236,909361
1237,910928
1238,911429
1239,911871
1240,911989
1241,911990
1242,913102
1243,913363
1244,913364
1245,913521
1246,913526
1247,913964
1248,913966
1249,913967
1250,913968
1251,915310
1252,915351
1253,915810
1254,915821
1255,915822
1256,915980
1257,916885
1258,916886
1259,916887
1260,920607
1261,921042
1262,926958
1263,928477
1264,929627
1265,929893
1266,930247
1267,932281
1268,933780
1269,936341
1270,936994
1271,937953
1272,938125
1273,938126
1274,938129
1275,938436
1276,938566
1277,938567
1278,938570
1279,938574
1280,938575
1281,938576
1282,938657
1283,938659
1284,939129
1285,939130
1286,939131
1287,939207
1288,939210
1289,939661
1290,939662
1291,939663
1292,940585
1293,940590
1294,940591
1295,940592
1296,940616
1297,940638
1298,940664
1299,940665
1300,946277
1301,946671
1302,949053
1303,949243
1304,949296
1305,949297
1306,949298
1307,949299
1308,949510
1309,949511
1310,949629
1311,951675
1312,953404
1313,953413
1314,953420
1315,953427
1316,953428
1317,953562
1318,953609
1319,954553
1320,954796
1321,954805
1322,956011
1323,956012
1324,956013
1325,956014
1326,957096
1327,957098
1328,958015
1329,958016
1330,958514
1331,958516
1332,958519
1333,959437
1334,959500
1335,959502
1336,962600
1337,962601
1338,964752
1339,964753
1340,964848
1341,967021
1342,968432
1343,968935
1344,968936
1345,968937
1346,977007
1347,979195
1348,979196
1349,979197
1350,979199
1351,979553
1352,979554
1353,980041
1354,981655
1355,982726
1356,982727
1357,983310
1358,985823
1359,985824
1360,986193
1361,987308
1362,987768
1363,987769
1364,988408
1365,988459
1366,989092
1367,991114
1368,991329
1369,991331
1370,996122
1371,996537
1372,996597
1373,996600
1374,996606
1375,996613
1376,999545
1377,999546
1378,999547
1379,1000866
1380,1001305
1381,1003679
1382,1004545
1383,1004550
1384,1004551
1385,1005456
1386,1005458
1387,1005461
1388,1005463
1389,1005464
1390,1005465
1391,1009512
1392,1009539
1393,1009946
1394,1009997
1395,1009998
1396,1010752
1397,1010755
1398,1010757
1399,1012473
1400,1012787
1401,1012788
1402,1014864
1403,1014865
1404,1016067
1405,1017349
1406,1017791
1407,1018516
1408,1018617
1409,1018878
1410,1020237
1411,1020940
1412,1021281
1413,1021676
1414,1022053
1415,1024975
1416,1024976
1417,1028589
1418,1033395
1419,1036189
1420,1036317
1421,1036320
1422,1036689
1423,1037412
1424,1037654
1425,1037838
1426,1037845
1427,1037846
1428,1037856
1429,1037857
1430,1038937
1431,1038945
1432,1038946
1433,1038950
1434,1038952
1435,1038953
1436,1038954
1437,1038962
1438,1039087
1439,1040170
1440,1040348
1441,1044584
1442,1044592
1443,1045449
1444,1046272
1445,1047394
1446,1047395
1447,1047396
1448,1047674
1449,1047675
1450,1047679
1451,1047680
1452,1047681
1453,1047682
1454,1047685
1455,1047686
1456,1047690
1457,1047695
1458,1047696
1459,1047698
1460,1047699
1461,1047702
1462,1047703
1463,1047705
1464,1047707
1465,1047709
1466,1047717
1467,1047721
1468,1047733
1469,1047734
1470,1047735
1471,1047740
1472,1047743
1473,1047751
1474,1047752
1475,1047753
1476,1047755
1477,1047756
1478,1047757
1479,1047758
1480,1047772
1481,1047773
1482,1047774
1483,1047775
1484,1047786
1485,1047790
1486,1047793
1487,1049595
1488,1050142
1489,1050370
1490,1052022
1491,1052563
1492,1053943
1493,1053944
1494,1053945
1495,1054129
1496,1057033
1497,1057034
1498,1057490
1499,1057491
1500,1057495
1501,1057498
1502,1057515
1503,1058820
1504,1060036
1505,1062338
1506,1062374
1507,1062926
1508,1062927
1509,1064018
1510,1065599
1511,1066900
1512,1066901
1513,1070962
1514,1071928
1515,1071949
1516,1072167
1517,1072173
1518,1074327
1519,1075283
1520,1075891
1521,1076065
1522,1076066
1523,1076155
1524,1076335
1525,1078288
1526,1079214
1527,1079215
1528,1079220
1529,1079254
1530,1079257
1531,1079258
1532,1079329
1533,1079331
1534,1080001
1535,1080009
1536,1080021
1537,1080756
1538,1081359
1539,1082042
1540,1082391
1541,1082578
1542,1082907
1543,1083152
1544,1083154
1545,1083196
1546,1083517
1547,1083518
1548,1084365
1549,1084417
1550,1084425
1551,1084436
1552,1084437
1553,1084881
1554,1084882
1555,1085148
1556,1085150
1557,1085246
1558,1085486
1559,1085686
1560,1086172
1561,1087269
1562,1087270
1563,1087467
1564,1088002
1565,1089044
1566,1089045
1567,1089046
1568,1089079
1569,1089163
1570,1089820
1571,1089843
1572,1089844
1573,1089845
1574,1089846
1575,1090401
1576,1090419
1577,1091333
1578,1091338
1579,1091365
1580,1091366
1581,1091367
1582,1091368
1583,1091369
1584,1091370
1585,1091467
1586,1092008
1587,1092061
1588,1092106
1589,1093340
1590,1093344
1591,1093786
1592,1094235
1593,1094238
1594,1096235
1595,1097187
1596,1098624
1597,1099990
1598,1101724
1599,1102268
1600,1102970
1601,1102971
1602,1102975
1603,1102976
1604,1104598
1605,1104599
1606,1104650
1607,1104725
1608,1105210
1609,1105211
1610,1105212
1611,1105213
1612,1105214
1613,1105215
1614,1105228
1615,1105299
1616,1105831
1617,1106968
1618,1109116
1619,1109173
1620,1109211
1621,1109235
1622,1109325
1623,1109326
1624,1109389
1625,1109390
1626,1109391
1627,1110679
1628,1111202
1629,1112450
1630,1112839
1631,1112840
1632,1113847
1633,1113852
1634,1113872
1635,1114566
1636,1114567
1637,1114749
1638,1114754
1639,1114761
1640,1114903
1641,1114914
1642,1114924
1643,1116113
1644,1116370
1645,1117661
1646,1117662
1647,1117663
1648,1118683
1649,1118691
1650,1118775
1651,1119216
1652,1119217
1653,1121513
1654,1121514
1655,1121515
1656,1121615
1657,1121616
1658,1123722
1659,1124164
1660,1124165
1661,1124973
1662,1127860
1663,1127862
1664,1132005
1665,1133955
1666,1134971
1667,1135438
1668,1136979
1669,1137146
1670,1138053
1671,1141956
1672,1143685
1673,1143686
1674,1143691
1675,1145374
1676,1145597
1677,1146496
1678,1146497
1679,1146648
1680,1146783
1681,1146784
1682,1146785
1683,1146786
1684,1146787
1685,1146795
1686,1146796
1687,1146797
1688,1146799
1689,1146800
1690,1146801
1691,1146802
1692,1146803
1693,1146804
1694,1146974
1695,1147017
1696,1147495
1697,1147731
1698,1148017
1699,1148018
1700,1148548
1701,1148719
1702,1148753
1703,1148812
1704,1148971
1705,1148972
1706,1149069
1707,1149225
1708,1149579
1709,1150362
1710,1150700
1711,1150954
1712,1151128
1713,1152017
1714,1152346
1715,1152348
1716,1152350
1717,1152355
1718,1152464
1719,1153584
1720,1153597
1721,1154749
1722,1156722
1723,1156724
1724,1157329
1725,1157462
1726,1157479
1727,1157561
1728,1157562
1729,1157564
1730,1157685
1731,1157699
1732,1158705
1733,1158719
1734,1158720
1735,1159413
1736,1159414
1737,1159415
1738,1159597
1739,1159598
1740,1159726
1741,1159728
1742,1160752
1743,1160754
1744,1160796
1745,1160872
1746,1160873
1747,1160882
1748,1161046
1749,1161555
1750,1161556
1751,1161557
1752,1161571
1753,1161572
1754,1162382
1755,1162755
1756,1162759
1757,1162761
1758,1162932
1759,1162933
1760,1162934
1761,1162935
1762,1163577
1763,1163583
1764,1164290
1765,1164923
1766,1165987
1767,1165988
1768,1165989
1769,1166036
1770,1166474
1771,1166475
1772,1166478
1773,1167175
1774,1167188
1775,1167487
1776,1167544
1777,1167545
1778,1167614
1779,1167754
1780,1168684
1781,1168717
1782,1168718
1783,1168738
1784,1168741
1785,1171140
1786,1171142
1787,1172015
1788,1173210
1789,1173213
1790,1173853
1791,1174923
1792,1175993
1793,1176558
1794,1176559
1795,1176560
1796,1176561
1797,1176562
1798,1177984
1799,1178687
1800,1178691
1801,1178692
1802,1178696
1803,1178697
1804,1179109
1805,1179117
1806,1179119
1807,1179579
1808,1179580
1809,1179581
1810,1182733
1811,1209718
1812,1209719
1813,1209720
1814,1209721
1815,1210038
1816,1212452
1817,1213906
1818,1214325
1819,1221045
1820,1221054
1821,1222571
1822,1222575
1823,1224495
1824,1224521
1825,1225768
1826,1225769
1827,1225770
1828,1225771
1829,1226506
1830,1226507
1831,1226920
1832,1228300
1833,1228312
1834,1228319
1835,1228320
1836,1228321
1837,1228937
1838,1228945
1839,1228950
1840,1228994
1841,1228995
1842,1229023
1843,1229025
1844,1229026
1845,1229028
1846,1229440
1847,1229469
1848,1229500
1849,1229566
1850,1229576
1851,1229584
1852,1229591
1853,1229625
1854,1229636
1855,1229642
1856,1229643
1857,1229664
1858,1229676
1859,1229686
1860,1229882
1861,1229919
1862,1229920
1863,1229935
1864,1230003
1865,1230014
1866,1230060
1867,1230228
1868,1230244
1869,1230327
1870,1230416
1871,1230417
1872,1230418
1873,1230426
1874,1230430
1875,1230440
1876,1230441
1877,1230461
1878,1231869
1879,1233161
1880,1234340
1881,1235251
1882,1235334
1883,1235364
1884,1235365
1885,1237005
1886,1237410
1887,1238497
1888,1239294
1889,1239720
1890,1239736
1891,1239739
1892,1239740
1893,1239741
1894,1239746
1895,1239748
1896,1239749
1897,1239782
1898,1239783
1899,1239785
1900,1239788
1901,1239789
1902,1239790
1903,1239791
1904,1239792
1905,1239793
1906,1239794
1907,1239795
1908,1239796
1909,1239797
1910,1239798
1911,1239800
1912,1239806
1913,1239807
1914,1239808
1915,1239809
1916,1239810
1917,1239812
1918,1239813
1919,1239815
1920,1239817
1921,1239818
1922,1239819
1923,1239820
1924,1239840
1925,1239841
1926,1239842
1927,1239843
1928,1239844
1929,1239845
1930,1239846
1931,1239847
1932,1239852
1933,1239853
1934,1239854
1935,1239855
1936,1239856
1937,1239857
1938,1239858
1939,1239859
1940,1239860
1941,1239861
1942,1239862
1943,1239867
1944,1239868
1945,1239869
1946,1239870
1947,1239871
1948,1239875
1949,1239876
1950,1239877
1951,1239879
1952,1239880
1953,1239881
1954,1239882
1955,1239883
1956,1239887
1957,1239890
1958,1239891
1959,1239897
1960,1239898
1961,1239899
1962,1239901
1963,1239902
1964,1239903
1965,1239905
1966,1239906
1967,1239908
1968,1239911
1969,1239912
1970,1239913
1971,1239914
1972,1239915
1973,1239916
1974,1239918
1975,1239953
1976,1239954
1977,1239955
1978,1239956
1979,1239986
1980,1240160
1981,1242666
1982,1242667
1983,1242670
1984,1243803
1985,1243805
1986,1243814
1987,1243815
1988,1243816
1989,1243817
1990,1245918
1991,1246493
1992,1246495
1993,1246498
1994,1246757
1995,1246758
1996,1246784
1997,1246785
1998,1247036
1999,1248391
2000,1248394
2001,1248464
2002,1250226
2003,1253470
2004,1253708
2005,1253765
2006,1254013
2007,1254310
2008,1255777
2009,1257555
2010,1259006
2011,1259007
2012,1259952
2013,1260238
2014,1260241
2015,1260242
2016,1261025
2017,1261376
2018,1273024
2019,1279049
2020,1280677
2021,1281011
2022,1281253
2023,1281780
2024,1282047
2025,1282207
2026,1284221
2027,1285150
2028,1285154
2029,1288226
2030,1288843
2031,1289417
2032,1289418
2033,1294665
2034,1298766
2035,1299616
2036,1300325
2037,1302670
2038,1303141
2039,1304243
2040,1304488
2041,1304490
2042,1304491
2043,1305845
2044,1306155
2045,1306196
2046,1306197
2047,1306198
2048,1306199
2049,1309245
2050,1309246
2051,1309297
2052,1309298
2053,1309300
2054,1309560
2055,1309672
2056,1309856
2057,1310076
2058,1310081
2059,1311104
2060,1312957
2061,1313222
2062,1313223
2063,1314409
2064,1314549
2065,1316369
2066,1316461
2067,1317092
2068,1317094
2069,1317095
2070,1317096
2071,1320180
2072,1320701
2073,1320708
2074,1320857
2075,1321332
2076,1321336
2077,1321497
2078,1322479
2079,1323011
2080,1323422
2081,1323985
2082,1324174
2083,1324182
2084,1324591
2085,1324667
2086,1324668
2087,1324670
2088,1324845
2089,1324851
2090,1325324
2091,1325325
2092,1325330
2093,1325362
2094,1328340
2095,1328471
2096,1328495
2097,1328672
2098,1328907
2099,1331068
2100,1331407
2101,1332103
2102,1332664
2103,1332688
2104,1332689
2105,1333224
2106,1333225
2107,1333307
2108,1333994
2109,1334068
2110,1334074
2111,1335305
2112,1336459
2113,1336461
2114,1339795
2115,1339879
2116,1339880
2117,1339882
2118,1339883
2119,1342003
2120,1342006
2121,1342007
2122,1342008
2123,1342009
2124,1344514
2125,1344755
2126,1345067
2127,1345068
2128,1345070
2129,1345071
2130,1345072
2131,1345337
2132,1345352
2133,1345981
2134,1346410
2135,1346621
2136,1346624
2137,1346625
2138,1346626
2139,1346627
2140,1346628
2141,1346629
2142,1346630
2143,1346631
2144,1346632
2145,1346636
2146,1346637
2147,1346638
2148,1346643
2149,1347810
2150,1347811
2151,1347977
2152,1348487
2153,1348510
2154,1348983
2155,1349068
2156,1349806
2157,1349807
2158,1349808
2159,1350565
2160,1351227
2161,1351305
2162,1352751
2163,1352754
2164,1352758
2165,1353189
2166,1353191
2167,1353969
2168,1354380
2169,1354381
2170,1354382
2171,1354383
2172,1354384
2173,1354385
2174,1354386
2175,1354387
2176,1354388
2177,1354389
2178,1354390
2179,1354711
2180,1354712
2181,1354713
2182,1354714
2183,1354719
2184,1356038
2185,1359503
2186,1360009
2187,1360010
2188,1360012
2189,1360013
2190,1361205
2191,1363876
2192,1363877
2193,1363878
2194,1364636
2195,1366212
2196,1366213
2197,1367273
2198,1367438
2199,1368456
2200,1368479
2201,1368480
2202,1368488
2203,1369793
2204,1369873
2205,1369875
2206,1369876
2207,1369972
2208,1369973
2209,1370025
2210,1370542
2211,1370547
2212,1370548
2213,1370552
2214,1370564
2215,1370565
2216,1370566
2217,1370568
2218,1370572
2219,1370574
2220,1370587
2221,1370588
2222,1370589
2223,1371395
2224,1371618
2225,1371620
2226,1372308
2227,1372309
2228,1372326
2229,1372511
2230,1372563
2231,1372566
2232,1372585
2233,1372862
2234,1373031
2235,1373037
2236,1373081
2237,1373394
2238,1373408
2239,1373409
2240,1373444
2241,1373944
2242,1373976
2243,1379151
2244,1379154
2245,1379158
2246,1379194
2247,1379210
2248,1386120
2249,1386220
2250,1386250
2251,1386506
2252,1386695
2253,1386696
2254,1386894
2255,1387609
2256,1388521
2257,1388559
2258,1388568
2259,1388574
2260,1390351
2261,1390352
2262,1390405
2263,1391408
2264,1391548
2265,1391549
2266,1392256
2267,1392260
2268,1392261
2269,1392262
2270,1392627
2271,1392628
2272,1393033
2273,1393047
2274,1394348
2275,1394349
2276,1395693
2277,1396282
2278,1397060
2279,1397061
2280,1397062
2281,1397067
2282,1397068
2283,1397779
2284,1397797
2285,1397802
2286,1398687
2287,1398688
2288,1399750
2289,1400328
2290,1400329
2291,1400330
2292,1400331
2293,1400332
2294,1400334
2295,1400826
2296,1400846
2297,1401722
2298,1401733
2299,1401735
2300,1402017
2301,1402024
2302,1402032
2303,1402040
2304,1402041
2305,1402045
2306,1402545
2307,1402643
2308,1403463
2309,1403464
2310,1404385
2311,1404410
2312,1404411
2313,1405685
2314,1410764
2315,1410765
2316,1410768
2317,1410769
2318,1410773
2319,1410792
2320,1410850
2321,1411065
2322,1412115
2323,1412204
2324,1412379
2325,1412392
2326,1412393
2327,1412519
2328,1412575
2329,1415679
2330,1416362
2331,1417148
2332,1417154
2333,1417697
2334,1418022
2335,1418259
2336,1418484
2337,1418842
2338,1418844
2339,1418845
2340,1418846
2341,1418847
2342,1420007
2343,1421156
2344,1421428
2345,1421429
2346,1421438
2347,1422036
2348,1422222
2349,1422284
2350,1422347
2351,1422500
2352,1422815
2353,1422817
2354,1422835
2355,1422837
2356,1422849
2357,1423681
2358,1426023
2359,1427659
2360,1428328
2361,1428330
2362,1428331
2363,1428779
2364,1430040
2365,1430041
2366,1430080
2367,1430081
2368,1430082
2369,1430083
2370,1441468
2371,1441511
2372,1441513
2373,1441514
2374,1441515
2375,1441516
2376,1441517
2377,1441817
2378,1442157
2379,1444597
2380,1444598
2381,1444600
2382,1444615
2383,1445215
2384,1445281
2385,1446726
2386,1447815
2387,1447817
2388,1449487
2389,1449645
2390,1452378
2391,1453122
2392,1453123
2393,1453124
2394,1454707
2395,1454708
2396,1455272
2397,1455482
2398,1455485
2399,1455790
2400,1455886
2401,1456171
2402,1456346
2403,1456881
2404,1456886
2405,1456909
2406,1456910
2407,1456912
2408,1456916
2409,1456917
2410,1456921
2411,1456922
2412,1456931
2413,1456935
2414,1456939
2415,1456952
2416,1456993
2417,1456994
2418,1456995
2419,1456996
2420,1456997
2421,1456998
2422,1457000
2423,1457001
2424,1457002
2425,1457003
2426,1457004
2427,1457005
2428,1457012
2429,1457020
2430,1457031
2431,1457039
2432,1457160
2433,1457168
2434,1457175
2435,1457176
2436,1457177
2437,1457178
2438,1457179
2439,1457180
2440,1457181
2441,1457182
2442,1457183
2443,1457184
2444,1457185
2445,1457192
2446,1457199
2447,1457201
2448,1457202
2449,1457217
2450,1457228
2451,1457229
2452,1457230
2453,1457231
2454,1457239
2455,1457240
2456,1457245
2457,1457247
2458,1457251
2459,1457256
2460,1457311
2461,1457328
2462,1457333
2463,1457335
2464,1457337
2465,1457338
2466,1457339
2467,1457340
2468,1457341
2469,1457342
2470,1457344
2471,1457346
2472,1457359
2473,1457396
2474,1457409
2475,1457411
2476,1457416
2477,1457417
2478,1457518
2479,1457834
2480,1457835
2481,1457840
2482,1457948
2483,1457990
2484,1458088
2485,1458329
2486,1458461
2487,1458834
2488,1458842
2489,1458844
2490,1458847
2491,1458848
2492,1458849
2493,1458850
2494,1458851
2495,1458914
2496,1458920
2497,1459058
2498,1459067
2499,1459225
2500,1459226
2501,1459514
2502,1459515
2503,1459692
2504,1459697
2505,1460018
2506,1460019
2507,1460020
2508,1460021
2509,1460808
2510,1463437
2511,1463441
2512,1463451
2513,1463483
2514,1463484
2515,1463507
2516,1463509
2517,1463510
2518,1463555
2519,1463566
2520,1463568
2521,1463569
2522,1463587
2523,1463591
2524,1463594
2525,1463595
2526,1463596
2527,1463602
2528,1463603
2529,1463604
2530,1463609
2531,1463610
2532,1463611
2533,1463619
2534,1463620
2535,1463621
2536,1463625
2537,1463626
2538,1463632
2539,1463637
2540,1463693
2541,1463707
2542,1463765
2543,1463767
2544,1463769
2545,1463770
2546,1463771
2547,1463772
2548,1463773
2549,1463783
2550,1463784
2551,1463786
2552,1463787
2553,1463788
2554,1463789
2555,1463790
2556,1463791
2557,1463797
2558,1463798
2559,1463799
2560,1463800
2561,1463801
2562,1463805
2563,1463806
2564,1463807
2565,1463808
2566,1463810
2567,1463812
2568,1463814
2569,1463819
2570,1463820
2571,1463823
2572,1463825
2573,1463851
2574,1463852
2575,1463855
2576,1463857
2577,1463859
2578,1463860
2579,1463862
2580,1463864
2581,1463865
2582,1463866
2583,1463867
2584,1463881
2585,1463882
2586,1463883
2587,1463885
2588,1463886
2589,1463887
2590,1463888
2591,1463896
2592,1463897
2593,1463898
2594,1463899
2595,1463900
2596,1463914
2597,1463934
2598,1463935
2599,1463936
2600,1463992
2601,1463993
2602,1463994
2603,1463995
2604,1463998
2605,1464002
2606,1464005
2607,1464008
2608,1464010
2609,1464025
2610,1464027
2611,1464028
2612,1464029
2613,1464031
2614,1464034
2615,1464035
2616,1464038
2617,1464039
2618,1464041
2619,1464042
2620,1464043
2621,1464045
2622,1464063
2623,1464065
2624,1464066
2625,1464070
2626,1464071
2627,1464072
2628,1464073
2629,1464074
2630,1464076
2631,1464077
2632,1464079
2633,1464081
2634,1464082
2635,1464086
2636,1464087
2637,1464088
2638,1464090
2639,1464091
2640,1464092
2641,1464093
2642,1464094
2643,1464095
2644,1464097
2645,1464099
2646,1464133
2647,1464134
2648,1464137
2649,1464153
2650,1464177
2651,1464186
2652,1464188
2653,1464192
2654,1464194
2655,1464196
2656,1464198
2657,1464201
2658,1464205
2659,1464207
2660,1464208
2661,1464209
2662,1464210
2663,1464217
2664,1464218
2665,1464237
2666,1464238
2667,1464239
2668,1464240
2669,1464241
2670,1464246
2671,1464256
2672,1464257
2673,1464258
2674,1464302
2675,1464309
2676,1464312
2677,1464469
2678,1464907
2679,1464910
2680,1464919
2681,1464941
2682,1465130
2683,1465644
2684,1466039
2685,1466047
2686,1466049
2687,1466077
2688,1466281
2689,1466286
2690,1466288
2691,1466819
2692,1466826
2693,1466827
2694,1466830
2695,1466832
2696,1466833
2697,1466835
2698,1466836
2699,1467082
2700,1471143
2701,1471460
2702,1471461
2703,1471462
2704,1471722
2705,1471903
2706,1471911
2707,1471912
2708,1471913
2709,1471916
2710,1471956
2711,1472433
2712,1472451
2713,1472453
2714,1472479
2715,1472484
2716,1472485
2717,1472487
2718,1472489
2719,1473393
2720,1473394
2721,1473396
2722,1473401
2723,1473402
2724,1473403
2725,1473404
2726,1473405
2727,1473406
2728,1473409
2729,1473410
2730,1473411
2731,1473412
2732,1473413
2733,1473414
2734,1473415
2735,1473425
2736,1473427
2737,1473428
2738,1473474
2739,1473475
2740,1473476
2741,1473477
2742,1473478
2743,1473479
2744,1473480
2745,1473481
2746,1473482
2747,1473483
2748,1473484
2749,1473485
2750,1473486
2751,1473487
2752,1473488
2753,1473489
2754,1473499
2755,1473500
2756,1473509
2757,1473511
2758,1473513
2759,1489660
2760,1489662
2761,1489691
2762,1489694
2763,1489741
2764,1489833
2765,1489835
2766,1489836
2767,1489837
2768,1489838
2769,1489850
2770,1489853
2771,1489868
2772,1489869
2773,1489870
2774,1489871
2775,1489872
2776,1489873
2777,1489879
2778,1489880
2779,1489881
2780,1489882
2781,1489886
2782,1489890
2783,1489895
2784,1489897
2785,1489899
2786,1489900
2787,1489908
2788,1490588
2789,1492315
2790,1501508
2791,1501520
2792,1501521
2793,1501524
2794,1501525
2795,1501536
2796,1501541
2797,1501544
2798,1501547
2799,1501559
2800,1501570
2801,1501579
2802,1501581
2803,1502383
2804,1502391
2805,1502392
2806,1503117
2807,1503823
2808,1503844
2809,1503847
2810,1503854
2811,1503855
2812,1503891
2813,1503899
2814,1507720
2815,1532032
2816,1532033
2817,1532035
2818,1533184
2819,1533338
2820,1533357
2821,1533358
2822,1533364
2823,1533365
2824,1550461
2825,1575223
2826,1575231
2827,1575235
2828,1575237
2829,1575239
2830,1575240
2831,1575245
2832,1575246
2833,1575249
2834,1575252
2835,1576262
2836,1576263
2837,1576265
2838,1576285
2839,1576312
2840,1576313
2841,1576314
2842,1576315
2843,1576316
2844,1576317
2845,1576318
2846,1576321
2847,1576322
2848,1576323
2849,1576324
2850,1576325
2851,1576326
2852,1576327
2853,1576328
2854,1576329
2855,1576330
2856,1576332
2857,1576589
2858,1579069
2859,1579070
2860,1579081
2861,1579082
2862,1583407
2863,1583522
2864,1583523
2865,1583526
2866,1583544
2867,1584293
2868,1584295
2869,1584297
2870,1584298
2871,1584300
2872,1584301
2873,1584303
2874,1584305
2875,1584307
2876,1584309
2877,1584344
2878,1584348
2879,1584353
2880,1584358
2881,1584363
2882,1584365
2883,1584369
2884,1584374
2885,1584379
2886,1584390
2887,1584399
2888,1584574
2889,1584575
2890,1584576
2891,1585782
2892,1588319
2893,1609719
2894,1609724
2895,1609729
2896,1609730
2897,1609836
2898,1621528
2899,1621529
2900,1625605
2901,1639937
2902,1642397
2903,1642398
2904,1642399
2905,1642400
2906,1642401
2907,1642664
2908,1658994
2909,1660186
2910,1660188
2911,1660191
2912,1660193
2913,1660194
2914,1660239
2915,1660260
2916,1660261
2917,1660271
2918,1660272
2919,1662320
2920,1672580
2921,1672581
2922,1673264
2923,1673295
2924,1673297
2925,1686635
2926,1686637
2927,1686641
2928,1686644
2929,1686650
2930,1686652
2931,1686656
2932,1686663
2933,1686664
2934,1686665
2935,1686668
2936,1686685
2937,1689854
2938,1689920
2939,1689921
2940,1689929
2941,1693644
2942,1693645
2943,1693647
2944,1693648
2945,1693652
2946,1693653
2947,1693656
2948,1693657
2949,1695813
2950,1695815
2951,1695816
2952,1695820
2953,1695823
2954,1695825
2955,1695828
2956,1695830
2957,1695831
2958,1695835
2959,1695836
2960,1695837
2961,1695840
2962,1695841
2963,1695844
2964,1695845
2965,1695846
2966,1695847
2967,1695848
2968,1695860
2969,1695865
2970,1695872
2971,1695873
2972,1695874
2973,1695875
2974,1695879
2975,1695882
2976,1695886
2977,1695887
2978,1695888
2979,1695900
2980,1695901
2981,1695904
2982,1695905
2983,1695907
2984,1695912
2985,1695925
2986,1695931
2987,1695932
2988,1695935
2989,1695936
2990,1695940
2991,1695950
2992,1695956
2993,1695959
2994,1695961
2995,1695964
2996,1695965
2997,1695966
2998,1695971
2999,1695972
3000,1695978
3001,1695979
3002,1695983
3003,1695984
3004,1695989
3005,1695991
3006,1695994
3007,1695995
3008,1695999
3009,1696003
3010,1696007
3011,1696008
3012,1696013
3013,1696014
3014,1696015
3015,1696020
3016,1696021
3017,1696022
3018,1696023
3019,1696025
3020,1696026
3021,1696029
3022,1696036
3023,1696038
3024,1696039
3025,1696041
3026,1696042
3027,1696044
3028,1696046
3029,1696047
3030,1696051
3031,1696052
3032,1707160
3033,1709252
3034,1711747
3035,1717057
3036,1717134
3037,1717181
3038,1717269
3039,1717271
3040,1717640
3041,1717663
3042,1718310
3043,1718319
3044,1719236
3045,1719504
3046,1726000
3047,1726002
3048,1726009
3049,1726956
3050,1730015
3051,1741423
3052,1751174
3053,1751175
3054,1751176
3055,1765164
3056,1898959
3057,1898960
3058,1898961
3059,1898998
3060,1899450
3061,1900715
3062,1903391
3063,1903428
3064,1903432
3065,1903500
3066,1903501
3067,1903717
3068,1904678
3069,1905638
3070,1905639
3071,1905800
3072,1906099
3073,1906100
3074,1906821
3075,1908028
3076,1908340
3077,1909408
3078,1909409
3079,1909411
3080,1909412
3081,1909453
3082,1909482
3083,1909483
3084,1909699
3085,1909708
3086,1909724
3087,1909729
3088,1909748
3089,1909752
3090,1909754
3091,1909755
3092,1909770
3093,1909901
3094,1910055
3095,1910611
3096,1911102
3097,1911336
3098,1912671
3099,1913055
3100,1913230
3101,1913236
3102,1913257
3103,1913258
3104,1913462
3105,1913463
3106,1913464
3107,1913595
3108,1913596
3109,1913599
3110,1913600
3111,1913604
3112,1913813
3113,1914276
3114,1914277
3115,1914278
3116,1914279
3117,1914280
3118,1914367
3119,1914503
3120,1914782
3121,1914786
3122,1915000
3123,1915036
3124,1915102
3125,1916165
3126,1916208
3127,1916209
3128,1916577
3129,1916578
3130,1916579
3131,1917879
3132,1918621
3133,1919674
3134,1919795
3135,1919933
3136,1919935
3137,1919937
3138,1919977
3139,1920016
3140,1920035
3141,1920045
3142,1920046
3143,1920057
3144,1920059
3145,1920067
3146,1920069
3147,1920071
3148,1920072
3149,1920080
3150,1920084
3151,1920095
3152,1920096
3153,1920107
3154,1920117
3155,1920141
3156,1920145
3157,1920284
3158,1920863
3159,1921769
3160,1921770
3161,1922657
3162,1923218
3163,1924591
3164,1924661
3165,1924662
3166,1926105
3167,1926106
3168,1926107
3169,1926217
3170,1929795
3171,1929797
3172,1930065
3173,1930967
3174,1931046
3175,1931047
3176,1931079
3177,1932491
3178,1932492
3179,1932493
3180,1932980
3181,1933240
3182,1935388
3183,1935459
3184,1935465
3185,1935601
3186,1936173
3187,1936510
3188,1936589
3189,1936629
3190,1936647
3191,1936771
3192,1936931
3193,1937039
3194,1937083
3195,1937350
3196,1937443
3197,1937454
3198,1937608
3199,1937611
3200,1937662
3201,1938021
3202,1938490
3203,1938600
3204,1939144
3205,1939221
3206,1939239
3207,1939383
3208,1939424
3209,1939531
3210,1940026
3211,1940454
3212,1940466
3213,1942510
3214,1943149
3215,1943435
3216,1943792
3217,1944334
3218,1944828
3219,1944889
3220,1944899
3221,1945572
3222,1945851
3223,1945991
3224,1946155
3225,1946311
3226,1946325
3227,1946668
3228,1948161
3229,1948220
3230,1948305
3231,1948372
3232,1948448
3233,1948483
3234,1948550
3235,1948632
3236,1949662
3237,1949872
3238,1949898
3239,1950029
3240,1950170
3241,1950263
3242,1950301
3243,1950405
3244,1950658
3245,1950703
3246,1950890
3247,1951039
3248,1951042
3249,1954510
3250,1954663
3251,1954748
3252,1954766
3253,1954771
3254,1955347
3255,1956004
3256,1956062
3257,1956354
3258,1956479
3259,1956622
3260,1957078
3261,1957773
3262,1958166
3263,1958171
3264,1958175
3265,1958177
3266,1958179
3267,1958181
3268,1958185
3269,1958186
3270,1958187
3271,1958189
3272,1958191
3273,1958193
3274,1958200
3275,1958201
3276,1958202
3277,1958210
3278,1958216
3279,1958217
3280,1958218
3281,1958219
3282,1958223
3283,1958226
3284,1958231
3285,1958238
3286,1958245
3287,1958249
3288,1958252
3289,1958262
3290,1958268
3291,1958713
3292,1959817
3293,1960256
3294,1960304
3295,1960591
3296,1960613
3297,1960691
3298,1960765
3299,1960806
3300,1960892
3301,1960944
3302,1961065
3303,1961112
3304,1961161
3305,1961293
3306,1961595
3307,1961606
3308,1962621
3309,1962694
3310,1962824
3311,1963265
3312,1963277
3313,1963324
3314,1963330
3315,1963348
3316,1963363
3317,1963404
3318,1963459
3319,1963540
3320,1963561
3321,1963591
3322,1963606
3323,1963684
3324,1963740
3325,1963752
3326,1963811
3327,1963838
3328,1963892
3329,1963919
3330,1964111
3331,1964356
3332,1964738
3333,1964739
3334,1964804
3335,1964810
3336,1964850
3337,1965074
3338,1965343
3339,1965358
3340,1965367
3341,1965425
3342,1965457
3343,1965539
3344,1965732
3345,1965853
3346,1965878
3347,1965978
3348,1966167
3349,1966629
3350,1966995
3351,1967038
3352,1967150
3353,1967566
3354,1967642
3355,1967660
3356,1967914
3357,1968073
3358,1968167
3359,1968318
3360,1968368
3361,1968390
3362,1968452
3363,1968666
3364,1968938
3365,1969477
3366,1969485
3367,1969675
3368,1969863
3369,1969899
3370,1969929
3371,1970094
3372,1970207
3373,1970428
3374,1970831
3375,1971255
3376,1971317
3377,1971328
3378,1971338
3379,1971365
3380,1971373
3381,1971394
3382,1971423
3383,1971436
3384,1971461
3385,1971730
3386,1971792
3387,1972039
3388,1972138
3389,1972227
3390,1972316
3391,1972443
3392,1972462
3393,1972587
3394,1972601
3395,1972673
3396,1972737
3397,1972763
3398,1972782
3399,1972822
3400,1973454
3401,1973543
3402,1973587
3403,1973606
3404,1973919
3405,1974834
3406,1974848
3407,1974921
3408,1974931
3409,1975439
3410,1975468
3411,1975512
3412,1975514
3413,1975527
3414,1975558
3415,1975562
3416,1975571
3417,1975578
3418,1975584
3419,1975598
3420,1975602
3421,1975649
3422,1975680
3423,1975686
3424,1975715
3425,1976186
3426,1976260
3427,1976284
3428,1976342
3429,1976349
3430,1976710
3431,1977218
3432,1977420
3433,1977486
3434,1977887
3435,1977901
3436,1977997
3437,1978835
3438,1979200
3439,1979268
3440,1980485
3441,1980532
3442,1980590
3443,1980702
3444,1980754
3445,1980755
3446,1980816
3447,1981370
3448,1981470
3449,1981607
3450,1981836
3451,1981900
3452,1982059
3453,1985099
3454,1986436
3455,1986500
3456,1986524
3457,1986603
3458,1986627
3459,1986680
3460,1986760
3461,1986825
3462,1987120
3463,1987152
3464,1987263
3465,1987383
3466,1987464
3467,1987653
3468,1987709
3469,1987893
3470,1988256
3471,1988377
3472,1988467
3473,1988754
3474,1988902
3475,1988975
3476,1989346
3477,1989798
3478,1990061
3479,1990194
3480,1990453
3481,1990578
3482,1990612
3483,1990640
3484,1990673
3485,1990742
3486,1990768
3487,1990881
3488,1991041
3489,1991097
3490,1991151
3491,1991217
3492,1991561
3493,1992672
3494,1992914
3495,1993077
3496,1993091
3497,1993195
3498,1993337
3499,1993601
3500,1993625
3501,1993879
3502,1994369
3503,1994863
3504,1994926
3505,1994941
3506,1997322
3507,1997781
3508,1997895
3509,1997976
3510,1998005
3511,1998078
3512,1998889
3513,1998945
3514,1999114
3515,1999775
3516,1999969
3517,2000482
3518,2000873
3519,2001183
3520,2001209
3521,2001632
3522,2002043
3523,2002136
3524,2002166
3525,2002282
3526,2002412
3527,2002445
3528,2002465
3529,2002469
3530,2002703
3531,2002963
3532,2003375
3533,2003389
3534,2003392
3535,2003409
3536,2003709
3537,2004673
3538,2004694
3539,2004738
3540,2004754
3541,2005047
3542,2005057
3543,2005060
3544,2005083
3545,2005102
3546,2005143
3547,2005274
3548,2005298
3549,2005335
3550,2005384
3551,2005613
3552,2005731
3553,2005844
3554,2005877
3555,2005984
3556,2006047
3557,2006089
3558,2006144
3559,2006310
3560,2006614
3561,2006630
3562,2006779
3563,2006810
3564,2006812
3565,2006928
3566,2007088
3567,2007114
3568,2007117
3569,2007133
3570,2007186
3571,2007250
3572,2007265
3573,2007505
3574,2008518
3575,2008562
3576,2008567
3577,2008571
3578,2008589
3579,2008747
3580,2009639
3581,2009827
3582,2010049
3583,2010082
3584,2010125
3585,2010127
3586,2010192
3587,2010216
3588,2010233
3589,2010235
3590,2010260
3591,2010269
3592,2010278
3593,2010282
3594,2010290
3595,2010315
3596,2010329
3597,2010356
3598,2010359
3599,2010370
3600,2010379
3601,2010404
3602,2010419
3603,2010428
3604,2010444
3605,2010456
3606,2010487
3607,2010498
3608,2010511
3609,2010519
3610,2010568
3611,2010574
3612,2010598
3613,2010615
3614,2010652
3615,2010667
3616,2010676
3617,2010693
3618,2010702
3619,2010743
3620,2010755
3621,2010756
3622,2010762
3623,2010766
3624,2010779
3625,2010786
3626,2010793
3627,2010837
3628,2010880
3629,2010885
3630,2010902
3631,2010913
3632,2010916
3633,2010918
3634,2010945
3635,2010959
3636,2010964
3637,2010972
3638,2010989
3639,2011008
3640,2011032
3641,2011054
3642,2011073
3643,2011080
3644,2011105
3645,2011110
3646,2011114
3647,2011127
3648,2011148
3649,2011153
3650,2011155
3651,2011200
3652,2011208
3653,2011211
3654,2011216
3655,2011218
3656,2011220
3657,2011225
3658,2011243
3659,2011259
3660,2011266
3661,2011328
3662,2011329
3663,2011346
3664,2011399
3665,2011401
3666,2011449
3667,2011463
3668,2011583
3669,2011872
3670,2011898
3671,2011910
3672,2011927
3673,2011934
3674,2011938
3675,2012385
3676,2012410
3677,2012576
3678,2012591
3679,2012970
3680,2013086
3681,2013309
3682,2013450
3683,2013621
3684,2013632
3685,2013648
3686,2013651
3687,2013674
3688,2013931
3689,2014053
3690,2014085
3691,2014089
3692,2014094
3693,2014097
3694,2014922
3695,2015628
3696,2015815
3697,2015820
3698,2016322
3699,2016362
3700,2016407
3701,2016419
3702,2016441
3703,2016619
3704,2016642
3705,2016716
3706,2016737
3707,2016738
3708,2016795
3709,2016864
3710,2017079
3711,2017173
3712,2017184
3713,2017202
3714,2017241
3715,2017245
3716,2017257
3717,2017343
3718,2017583
3719,2018087
3720,2018245
3721,2018273
3722,2018358
3723,2018397
3724,2018471
3725,2018612
3726,2018690
3727,2018753
3728,2019084
3729,2026256
3730,2026304
3731,2026312
3732,2026369
3733,2026432
3734,2026444
3735,2026454
3736,2026501
3737,2026597
3738,2026609
3739,2026631
3740,2026650
3741,2026683
3742,2026801
3743,2026858
3744,2026893
3745,2026945
3746,2026959
3747,2026983
3748,2027090
3749,2027203
3750,2027252
3751,2027649
3752,2027777
3753,2027809
3754,2027827
3755,2028217
3756,2028307
3757,2028315
3758,2028335
3759,2028403
3760,2028404
3761,2028435
3762,2028696
3763,2028754
3764,2028810
3765,2028898
3766,2028983
3767,2029427
3768,2029457
3769,2029467
3770,2029494
3771,2029519
3772,2029543
3773,2030002
3774,2030447
3775,2030606
3776,2030822
3777,2031266
3778,2031273
3779,2031309
3780,2031325
3781,2031378
3782,2032088
3783,2032488
3784,2033699
3785,2033805
3786,2033992
3787,2034104
3788,2034132
3789,2034212
3790,2035258
3791,2035293
3792,2035581
3793,2035587
3794,2036460
3795,2036465
3796,2036574
3797,2036618
3798,2036676
3799,2037008
3800,2037148
3801,2037269
3802,2037487
3803,2040614
3804,2040637
3805,2040862
3806,2042210
3807,2042436
3808,2042941
3809,2042947
3810,2043198
3811,2045280
3812,2045360
3813,2045373
3814,2045493
3815,2045533
3816,2045637
3817,2045783
3818,2045834
3819,2045986
3820,2046021
3821,2046297
3822,2046298
3823,2046348
3824,2046528
3825,2046552
3826,2046591
3827,2046670
3828,2046789
3829,2047159
3830,2047211
3831,2048113
3832,2048139
3833,2048141
3834,2048163
3835,2048182
3836,2048193
3837,2048242
3838,2048246
3839,2048248
3840,2048271
3841,2048279
3842,2048300
3843,2048313
3844,2048323
3845,2048362
3846,2048374
3847,2048381
3848,2048406
3849,2048421
3850,2048471
3851,2048515
3852,2048609
3853,2048624
3854,2048633
3855,2048674
3856,2048874
3857,2049037
3858,2049153
3859,2054101
3860,2054291
3861,2056549
3862,2057231
3863,2058907
3864,2068536
3865,2075733
3866,2076761
3867,2081050
3868,2081056
3869,2081064
3870,2081095
3871,2081139
3872,2081142
3873,2081161
3874,2081175
3875,2088860
3876,2089276
3877,2089339
3878,2090125
3879,2091318
3880,2099230
3881,2101795
3882,2103250
3883,2105347
3884,2108569
3885,2108843
3886,2111870
3887,2112404
3888,2124052
